16857.0
1399.0
2091.0
2108.0
1826.0
1430.0
1741.0
1054.0
1328.0
1830.0
1087.0
1662.0
951.0
1978.0
1100.0
1745.0
1088.0
1096.0
1676.0
1537.0
1466.0
1168.0
1939.0
992.0
2194.0
1606.0
1244.0
2131.0
1422.0
2313.0
1591.0
1640.0
1615.0
2488.0
1314.0
2592.0
1871.0
1385.0
2763.0
1431.0
1974.0
2058.0
2529.0
2018.0
1426.0
1787.0
1653.0
2012.0
1151.0
1781.0
1287.0
1667.0
2167.0
1127.0
1767.0
1128.0
1843.0
1579.0
1528.0
1089.0
1691.0
1622.0
1302.0
1477.0
873.0
1657.0
1202.0
1484.0
1155.0
1335.0
818.0
1291.0
1081.0
1288.0
1030.0
938.0
1124.0
893.0
1105.0
1090.0
695.0
1668.0
601.0
1161.0
699.0
791.0
666.0
954.0
1167.0
393.0
652.0
859.0
601.0
578.0
653.0
723.0
463.0
477.0
129.0
619.0
117.0
402.0
105.0
366.0
367.0
113.0
186.0
104.0
263.0
33.0
316.0
190.0
203.0
176.0
194.0
325.0
3.0
380.0
68.0
221.0
183.0
228.0
280.0
156.0
426.0
156.0
512.0
846.0
385.0
1049.0
730.0
1764.0
77.0
2701.0
205.0
1450.0
2458.0
1206.0
2576.0
51.0
1172.0
0.0
3584.0
3222.0
318.0
2860.0
178.0
1690.0
162.0
4013.0
3155.0
560.0
3281.0
318.0
271.0
164.0
3512.0
199.0
3414.0
3879.0
384.0
2207.0
647.0
3010.0
390.0
4738.0
2370.0
3456.0
1877.0
2896.0
1907.0
574.0
3106.0
517.0
4391.0
1597.0
2096.0
1594.0
2085.0
4725.0
243.0
2482.0
1345.0
3502.0
636.0
3439.0
1956.0
1452.0
3863.0
2177.0
2590.0
3195.0
1458.0
1019.0
3065.0
4077.0
1697.0
3115.0
3021.0
2838.0
1907.0
3504.0
1863.0
4466.0
2512.0
3697.0
1641.0
3003.0
1902.0
2641.0
3183.0
2687.0
3471.0
2421.0
2615.0
1806.0
2507.0
1892.0
2867.0
3605.0
2798.0
2983.0
2793.0
3294.0
2305.0
2360.0
1451.0
2790.0
2722.0
1934.0
2132.0
1409.0
1399.0
1068.0
1057.0
689.0
700.0
567.0
389.0
354.0
212.0
231.0
120.0
191.0
92.0
51.0
62.0
16.0
35.0
4.0
38.0
38.0
3.0
27.0
1.0
126.0
