0.0
0.0
0.0
1.0
1.0
3.0
0.0
2.0
2.0
7.0
7.0
5.0
20.0
24.0
8.0
50.0
127.0
133.0
86.0
341.0
416.0
163.0
391.0
604.0
626.0
292.0
472.0
777.0
898.0
242.0
787.0
1111.0
945.0
335.0
1215.0
1292.0
1001.0
432.0
1399.0
1504.0
930.0
693.0
1611.0
1628.0
768.0
1104.0
1874.0
1772.0
621.0
1634.0
2123.0
1765.0
764.0
1905.0
2446.0
1713.0
999.0
2216.0
2506.0
1573.0
1161.0
2727.0
2423.0
1524.0
1425.0
2815.0
2305.0
1407.0
1860.0
2737.0
2071.0
1215.0
2182.0
2660.0
1752.0
1141.0
2473.0
2576.0
1648.0
1271.0
2713.0
2461.0
1815.0
1591.0
2914.0
2641.0
1181.0
2643.0
3366.0
2422.0
1127.0
2875.0
3045.0
1713.0
1096.0
2242.0
2034.0
1211.0
1045.0
2068.0
1698.0
977.0
1171.0
1918.0
1400.0
645.0
1349.0
1557.0
933.0
632.0
1433.0
1404.0
792.0
635.0
1334.0
1317.0
780.0
1253.0
3353.0
5552.0
994.0
8011.0
10755.0
10779.0
1915.0
11495.0
10806.0
6810.0
3037.0
7549.0
7737.0
5107.0
3279.0
8456.0
7844.0
5140.0
4792.0
8891.0
6857.0
3725.0
5724.0
7524.0
5050.0
2947.0
6391.0
6345.0
4029.0
2426.0
4919.0
4182.0
2551.0
1852.0
3467.0
2663.0
1753.0
1730.0
2636.0
1949.0
987.0
1462.0
1610.0
1098.0
513.0
1202.0
1190.0
753.0
434.0
1001.0
891.0
501.0
472.0
861.0
714.0
344.0
479.0
664.0
532.0
265.0
420.0
531.0
320.0
191.0
427.0
404.0
251.0
179.0
329.0
312.0
153.0
167.0
269.0
240.0
117.0
155.0
235.0
190.0
80.0
163.0
197.0
138.0
84.0
160.0
179.0
113.0
72.0
134.0
150.0
105.0
94.0
169.0
134.0
71.0
105.0
167.0
103.0
73.0
113.0
144.0
97.0
44.0
131.0
143.0
82.0
62.0
126.0
125.0
59.0
64.0
153.0
102.0
59.0
98.0
139.0
114.0
87.0
118.0
118.0
119.0
101.0
123.0
123.0
131.0
119.0
177.0
164.0
152.0
173.0
247.0
650.0
1236.0
1484.0
1166.0
683.0
308.0
162.0
176.0
