104.0
20.0
31.0
38.0
47.0
60.0
69.0
115.0
128.0
147.0
178.0
250.0
301.0
387.0
414.0
568.0
507.0
683.0
733.0
733.0
824.0
1091.0
987.0
1058.0
1126.0
1348.0
1318.0
1310.0
1209.0
1433.0
1480.0
1522.0
1495.0
1527.0
1610.0
1694.0
1561.0
1541.0
1553.0
1590.0
1691.0
1641.0
1644.0
1683.0
1890.0
1887.0
1691.0
1958.0
1951.0
2179.0
2180.0
2161.0
2301.0
2322.0
2495.0
2819.0
2771.0
2654.0
2454.0
2583.0
2297.0
2222.0
2149.0
2121.0
1927.0
2028.0
2044.0
2089.0
1992.0
2217.0
1969.0
1951.0
1860.0
1808.0
1870.0
1831.0
1783.0
1832.0
1829.0
1706.0
1760.0
1620.0
1570.0
1705.0
1639.0
1510.0
1476.0
1532.0
1478.0
1540.0
1425.0
1430.0
1513.0
1483.0
1488.0
1419.0
1596.0
1581.0
1694.0
1338.0
1575.0
1638.0
1790.0
1501.0
1435.0
1506.0
1358.0
1418.0
1253.0
1295.0
1175.0
1190.0
1143.0
1144.0
1025.0
964.0
1001.0
907.0
872.0
909.0
877.0
849.0
872.0
767.0
806.0
683.0
721.0
701.0
714.0
758.0
758.0
782.0
852.0
1082.0
1255.0
1345.0
1532.0
1889.0
2424.0
2947.0
2890.0
3193.0
3692.0
4191.0
4160.0
5098.0
6138.0
7251.0
10590.0
11493.0
12500.0
14719.0
15404.0
14915.0
14316.0
12246.0
12129.0
8535.0
7021.0
5146.0
3398.0
2410.0
1610.0
1300.0
974.0
767.0
671.0
483.0
450.0
362.0
301.0
276.0
233.0
208.0
185.0
201.0
182.0
167.0
182.0
178.0
166.0
157.0
181.0
169.0
171.0
175.0
173.0
181.0
148.0
146.0
168.0
189.0
182.0
172.0
190.0
186.0
179.0
180.0
192.0
184.0
185.0
221.0
225.0
210.0
184.0
205.0
194.0
261.0
200.0
181.0
188.0
215.0
187.0
176.0
177.0
181.0
152.0
205.0
139.0
144.0
136.0
144.0
112.0
128.0
93.0
103.0
117.0
79.0
74.0
69.0
62.0
68.0
56.0
64.0
57.0
47.0
35.0
41.0
35.0
40.0
21.0
33.0
30.0
22.0
18.0
14.0
17.0
20.0
18.0
13.0
10.0
15.0
11.0
14.0
12.0
124.0
