2.0
0.0
1.0
1.0
2.0
3.0
4.0
4.0
8.0
14.0
11.0
25.0
31.0
51.0
102.0
142.0
251.0
234.0
344.0
316.0
442.0
440.0
538.0
481.0
573.0
564.0
675.0
627.0
765.0
738.0
899.0
858.0
884.0
1019.0
1127.0
996.0
1008.0
1202.0
1230.0
1122.0
1132.0
1304.0
1179.0
1336.0
1230.0
1198.0
1193.0
1238.0
1330.0
1544.0
1422.0
1425.0
1607.0
1731.0
1582.0
1674.0
1699.0
1891.0
1792.0
1785.0
1956.0
2001.0
2052.0
2051.0
2097.0
2158.0
2206.0
2404.0
2520.0
2562.0
2669.0
2686.0
2551.0
2635.0
2642.0
2391.0
2230.0
1983.0
1953.0
1828.0
1857.0
1793.0
1707.0
1796.0
1855.0
1889.0
1645.0
1749.0
2033.0
1850.0
1964.0
1721.0
1893.0
1754.0
1614.0
1743.0
1682.0
1474.0
1563.0
1518.0
1535.0
1371.0
1441.0
1375.0
1363.0
1300.0
1245.0
1199.0
1216.0
1140.0
1037.0
1009.0
1079.0
972.0
1006.0
959.0
947.0
907.0
921.0
921.0
875.0
971.0
1270.0
2080.0
2402.0
4228.0
4776.0
5939.0
7755.0
9619.0
7142.0
9127.0
8658.0
7345.0
6157.0
7022.0
6391.0
5379.0
6780.0
5951.0
6895.0
7311.0
6734.0
6297.0
6624.0
6294.0
5280.0
5448.0
5363.0
5020.0
4926.0
5071.0
4429.0
4102.0
3648.0
3520.0
3123.0
2697.0
2549.0
2354.0
2023.0
1966.0
1774.0
1594.0
1287.0
1161.0
1024.0
883.0
808.0
765.0
683.0
642.0
583.0
594.0
571.0
546.0
515.0
485.0
418.0
383.0
346.0
365.0
278.0
296.0
284.0
276.0
295.0
252.0
239.0
209.0
205.0
188.0
183.0
157.0
185.0
163.0
163.0
146.0
136.0
126.0
159.0
139.0
127.0
111.0
145.0
105.0
118.0
139.0
114.0
126.0
114.0
120.0
126.0
127.0
122.0
118.0
97.0
107.0
117.0
111.0
80.0
104.0
97.0
109.0
94.0
101.0
95.0
100.0
100.0
101.0
88.0
104.0
108.0
105.0
92.0
103.0
101.0
95.0
74.0
103.0
112.0
87.0
88.0
88.0
95.0
102.0
117.0
123.0
127.0
131.0
106.0
126.0
111.0
148.0
130.0
5736.0
