1.0
1.0
0.0
1.0
0.0
1.0
1.0
0.0
0.0
0.0
1.0
1.0
1.0
1.0
4.0
1.0
3.0
5.0
6.0
22.0
25.0
39.0
38.0
153.0
247.0
225.0
219.0
435.0
405.0
577.0
310.0
530.0
439.0
701.0
509.0
687.0
583.0
685.0
1107.0
979.0
793.0
1003.0
1204.0
1500.0
1066.0
1277.0
1365.0
1513.0
1951.0
1512.0
1538.0
1624.0
1987.0
2121.0
1696.0
1813.0
1807.0
2298.0
2202.0
1818.0
1902.0
2202.0
2344.0
2076.0
1903.0
1791.0
2274.0
2346.0
1819.0
1726.0
1853.0
2268.0
2095.0
1891.0
1967.0
1555.0
2332.0
2338.0
1933.0
1433.0
1865.0
2130.0
1822.0
1314.0
1578.0
1506.0
1935.0
1282.0
1470.0
1328.0
1446.0
1735.0
1987.0
1817.0
3523.0
4947.0
3964.0
5931.0
6077.0
9078.0
6287.0
8900.0
4748.0
6976.0
8671.0
5933.0
4130.0
6216.0
4381.0
5832.0
3952.0
5172.0
3872.0
5334.0
4936.0
4953.0
3563.0
4652.0
5612.0
4380.0
3679.0
4317.0
3303.0
4545.0
4088.0
4319.0
2662.0
3816.0
4528.0
3793.0
3674.0
3616.0
3541.0
4822.0
3721.0
3514.0
3422.0
3560.0
4116.0
2686.0
3010.0
2678.0
2440.0
3082.0
2564.0
1981.0
1891.0
1884.0
2115.0
1583.0
1312.0
1252.0
1197.0
1383.0
1175.0
1059.0
933.0
933.0
1141.0
1012.0
817.0
775.0
842.0
1074.0
824.0
715.0
712.0
645.0
904.0
671.0
606.0
634.0
658.0
822.0
615.0
523.0
555.0
643.0
667.0
542.0
507.0
453.0
535.0
594.0
450.0
450.0
416.0
480.0
505.0
389.0
371.0
365.0
446.0
410.0
292.0
287.0
328.0
363.0
284.0
263.0
243.0
242.0
327.0
222.0
213.0
198.0
220.0
237.0
169.0
170.0
161.0
181.0
178.0
123.0
108.0
119.0
146.0
127.0
103.0
106.0
127.0
143.0
108.0
102.0
95.0
136.0
128.0
85.0
86.0
81.0
97.0
110.0
87.0
90.0
83.0
110.0
110.0
81.0
75.0
87.0
104.0
73.0
71.0
94.0
81.0
98.0
70.0
83.0
82.0
80.0
84.0
79.0
80.0
72.0
87.0
7271.0
