0.0
0.0
0.0
0.0
0.0
0.0
0.0
0.0
0.0
0.0
0.0
0.0
0.0
0.0
0.0
0.0
0.0
0.0
0.0
0.0
0.0
0.0
0.0
0.0
0.0
0.0
0.0
0.0
0.0
0.0
0.0
0.0
0.0
0.0
0.0
0.0
0.0
0.0
0.0
0.0
0.0
0.0
0.0
0.0
0.0
0.0
0.0
0.0
0.0
0.0
0.0
0.0
0.0
0.0
0.0
0.0
0.0
0.0
0.0
0.0
0.0
0.0
0.0
0.0
0.0
0.0
0.0
0.0
0.0
0.0
0.0
0.0
0.0
0.0
0.0
0.0
0.0
0.0
0.0
0.0
0.0
0.0
0.0
0.0
0.0
0.0
0.0
0.0
0.0
0.0
0.0
0.0
0.0
0.0
0.0
0.0
0.0
0.0
0.0
0.0
0.0
10.0
99.0
996.0
745.0
6980.0
2474.0
22329.0
1125.0
37928.0
28806.0
9958.0
7573.0
7163.0
3220.0
5381.0
1394.0
6178.0
11061.0
5585.0
9870.0
9808.0
8284.0
11942.0
19550.0
2181.0
9102.0
1095.0
6907.0
3759.0
3370.0
6712.0
16952.0
3378.0
17597.0
1603.0
16626.0
6596.0
10015.0
16512.0
10366.0
4161.0
9593.0
1277.0
7357.0
555.0
6194.0
1428.0
992.0
577.0
651.0
209.0
579.0
577.0
155.0
233.0
136.0
124.0
192.0
89.0
293.0
200.0
62.0
223.0
130.0
183.0
433.0
1510.0
324.0
1259.0
88.0
1445.0
34.0
611.0
108.0
3.0
1.0
0.0
0.0
0.0
0.0
0.0
0.0
0.0
0.0
0.0
0.0
0.0
0.0
0.0
0.0
0.0
0.0
0.0
0.0
0.0
0.0
0.0
0.0
0.0
0.0
0.0
0.0
0.0
0.0
0.0
0.0
0.0
0.0
0.0
0.0
0.0
0.0
0.0
0.0
0.0
0.0
0.0
0.0
0.0
0.0
0.0
0.0
0.0
0.0
0.0
0.0
0.0
0.0
0.0
0.0
0.0
0.0
0.0
0.0
0.0
0.0
0.0
0.0
0.0
0.0
0.0
0.0
0.0
0.0
0.0
0.0
0.0
0.0
0.0
0.0
0.0
0.0
0.0
0.0
0.0
