0.0
0.0
0.0
0.0
0.0
0.0
0.0
0.0
0.0
0.0
0.0
0.0
0.0
0.0
0.0
0.0
0.0
0.0
0.0
0.0
0.0
0.0
0.0
0.0
0.0
0.0
0.0
0.0
0.0
0.0
0.0
0.0
0.0
0.0
0.0
0.0
0.0
0.0
0.0
0.0
0.0
0.0
0.0
0.0
0.0
0.0
0.0
0.0
0.0
0.0
0.0
0.0
0.0
0.0
0.0
0.0
0.0
0.0
0.0
0.0
0.0
0.0
0.0
0.0
0.0
0.0
0.0
0.0
0.0
0.0
0.0
0.0
0.0
0.0
0.0
0.0
0.0
0.0
0.0
0.0
0.0
0.0
0.0
0.0
0.0
0.0
0.0
0.0
0.0
0.0
0.0
0.0
0.0
0.0
0.0
0.0
0.0
0.0
0.0
0.0
0.0
0.0
0.0
0.0
0.0
0.0
1.0
0.0
0.0
0.0
0.0
0.0
0.0
0.0
0.0
0.0
0.0
1.0
0.0
1.0
0.0
0.0
0.0
0.0
0.0
1.0
0.0
0.0
1.0
0.0
0.0
0.0
0.0
0.0
1.0
0.0
0.0
0.0
0.0
0.0
0.0
0.0
1.0
0.0
1.0
0.0
1.0
2.0
0.0
1.0
1.0
3.0
1.0
3.0
2.0
3.0
1.0
2.0
1.0
0.0
2.0
2.0
3.0
3.0
3.0
5.0
4.0
5.0
3.0
3.0
8.0
8.0
9.0
5.0
7.0
7.0
11.0
7.0
11.0
10.0
10.0
8.0
10.0
11.0
15.0
9.0
20.0
8.0
14.0
18.0
11.0
18.0
18.0
19.0
29.0
28.0
34.0
35.0
30.0
30.0
36.0
33.0
35.0
42.0
40.0
30.0
51.0
60.0
82.0
59.0
68.0
50.0
81.0
70.0
90.0
99.0
102.0
116.0
109.0
110.0
143.0
144.0
134.0
149.0
153.0
165.0
190.0
208.0
215.0
226.0
249.0
274.0
290.0
293.0
350.0
376.0
397.0
459.0
436.0
525.0
555.0
616.0
634.0
731.0
824.0
849.0
946.0
1163.0
1275.0
1483.0
1955.0
2906.0
4746.0
7408.0
10413.0
11355.0
10118.0
7417.0
4649.0
2975.0
1990.0
1488.0
1232.0
1112.0
972.0
858.0
773.0
702.0
650.0
574.0
560.0
514.0
474.0
415.0
363.0
364.0
341.0
302.0
274.0
236.0
236.0
221.0
209.0
173.0
180.0
166.0
169.0
146.0
151.0
132.0
113.0
111.0
91.0
84.0
101.0
93.0
70.0
67.0
74.0
67.0
68.0
68.0
55.0
46.0
42.0
44.0
44.0
38.0
35.0
41.0
33.0
34.0
25.0
34.0
25.0
16.0
23.0
20.0
19.0
24.0
20.0
19.0
20.0
12.0
12.0
15.0
16.0
11.0
10.0
12.0
11.0
11.0
9.0
7.0
9.0
10.0
8.0
11.0
11.0
7.0
9.0
7.0
7.0
5.0
8.0
5.0
7.0
9.0
4.0
4.0
5.0
4.0
7.0
8.0
2.0
8.0
5.0
5.0
3.0
6.0
3.0
3.0
3.0
4.0
5.0
2.0
3.0
4.0
1.0
2.0
6.0
3.0
1.0
1.0
1.0
3.0
0.0
2.0
3.0
1.0
0.0
1.0
4.0
1.0
1.0
0.0
4.0
1.0
1.0
2.0
3.0
1.0
1.0
1.0
0.0
4.0
2.0
1.0
1.0
0.0
1.0
0.0
0.0
1.0
0.0
0.0
0.0
1.0
1.0
0.0
0.0
0.0
0.0
2.0
0.0
0.0
0.0
0.0
0.0
0.0
0.0
0.0
0.0
0.0
0.0
0.0
0.0
0.0
0.0
0.0
0.0
0.0
0.0
0.0
0.0
0.0
0.0
0.0
0.0
0.0
0.0
0.0
0.0
0.0
0.0
0.0
0.0
0.0
0.0
0.0
0.0
0.0
0.0
0.0
0.0
0.0
0.0
0.0
0.0
0.0
0.0
0.0
0.0
0.0
0.0
0.0
0.0
0.0
0.0
0.0
0.0
0.0
0.0
0.0
0.0
0.0
0.0
0.0
0.0
0.0
0.0
0.0
0.0
0.0
0.0
0.0
0.0
0.0
0.0
0.0
0.0
0.0
0.0
0.0
0.0
0.0
0.0
0.0
0.0
0.0
0.0
0.0
0.0
0.0
0.0
0.0
0.0
0.0
0.0
0.0
0.0
