0.0
0.0
0.0
0.0
0.0
0.0
0.0
0.0
0.0
0.0
0.0
0.0
0.0
0.0
0.0
0.0
0.0
0.0
0.0
0.0
0.0
0.0
0.0
0.0
0.0
0.0
0.0
0.0
0.0
0.0
0.0
0.0
0.0
0.0
0.0
0.0
0.0
0.0
0.0
0.0
0.0
0.0
0.0
0.0
0.0
0.0
0.0
0.0
0.0
0.0
0.0
0.0
0.0
0.0
0.0
0.0
0.0
0.0
0.0
0.0
0.0
0.0
0.0
0.0
0.0
0.0
0.0
0.0
0.0
0.0
0.0
0.0
0.0
0.0
0.0
0.0
0.0
0.0
0.0
0.0
0.0
0.0
0.0
0.0
0.0
0.0
0.0
0.0
0.0
0.0
0.0
0.0
0.0
0.0
0.0
0.0
0.0
0.0
0.0
0.0
0.0
0.0
0.0
0.0
0.0
0.0
0.0
0.0
0.0
0.0
0.0
0.0
0.0
0.0
0.0
0.0
0.0
0.0
0.0
0.0
0.0
0.0
0.0
0.0
0.0
0.0
0.0
0.0
0.0
0.0
0.0
0.0
0.0
0.0
0.0
0.0
0.0
0.0
0.0
0.0
0.0
0.0
0.0
0.0
0.0
0.0
0.0
0.0
0.0
0.0
0.0
0.0
0.0
0.0
0.0
0.0
0.0
0.0
1.0
0.0
0.0
0.0
0.0
0.0
0.0
0.0
0.0
0.0
0.0
0.0
1.0
0.0
0.0
0.0
0.0
2.0
0.0
0.0
2.0
0.0
1.0
1.0
2.0
2.0
3.0
2.0
3.0
5.0
1.0
1.0
2.0
3.0
1.0
1.0
0.0
1.0
2.0
2.0
4.0
4.0
4.0
4.0
4.0
3.0
8.0
4.0
4.0
6.0
10.0
9.0
11.0
10.0
10.0
23.0
13.0
18.0
18.0
15.0
24.0
30.0
20.0
32.0
31.0
36.0
32.0
45.0
41.0
55.0
66.0
44.0
66.0
76.0
70.0
85.0
80.0
99.0
113.0
124.0
121.0
130.0
145.0
170.0
198.0
190.0
236.0
305.0
329.0
419.0
562.0
680.0
940.0
1218.0
1476.0
1719.0
1828.0
1816.0
1538.0
1360.0
1253.0
998.0
773.0
663.0
534.0
453.0
346.0
270.0
258.0
173.0
165.0
154.0
126.0
125.0
111.0
111.0
109.0
78.0
59.0
73.0
58.0
80.0
51.0
62.0
45.0
46.0
43.0
40.0
46.0
29.0
24.0
25.0
31.0
28.0
14.0
23.0
17.0
13.0
21.0
21.0
14.0
18.0
16.0
20.0
11.0
7.0
13.0
11.0
6.0
4.0
10.0
12.0
7.0
8.0
6.0
5.0
3.0
6.0
3.0
3.0
7.0
1.0
6.0
5.0
1.0
4.0
5.0
1.0
3.0
3.0
2.0
0.0
3.0
0.0
2.0
5.0
3.0
3.0
0.0
2.0
2.0
1.0
0.0
3.0
1.0
0.0
3.0
0.0
1.0
0.0
0.0
1.0
0.0
1.0
0.0
1.0
0.0
0.0
1.0
0.0
0.0
1.0
0.0
0.0
0.0
1.0
0.0
0.0
0.0
0.0
0.0
1.0
0.0
0.0
0.0
0.0
0.0
0.0
0.0
0.0
0.0
0.0
0.0
0.0
0.0
0.0
0.0
0.0
0.0
0.0
0.0
0.0
0.0
0.0
0.0
0.0
0.0
0.0
0.0
0.0
0.0
0.0
0.0
0.0
0.0
0.0
0.0
0.0
0.0
0.0
0.0
0.0
0.0
0.0
0.0
0.0
0.0
0.0
0.0
0.0
0.0
0.0
0.0
0.0
0.0
0.0
0.0
0.0
0.0
0.0
0.0
0.0
0.0
0.0
0.0
0.0
0.0
0.0
0.0
0.0
0.0
0.0
0.0
0.0
0.0
0.0
0.0
0.0
0.0
0.0
0.0
0.0
0.0
0.0
0.0
0.0
0.0
0.0
0.0
0.0
0.0
0.0
0.0
0.0
0.0
0.0
0.0
0.0
0.0
0.0
0.0
0.0
0.0
0.0
0.0
0.0
0.0
0.0
0.0
0.0
0.0
0.0
0.0
0.0
0.0
0.0
0.0
0.0
0.0
0.0
0.0
0.0
0.0
0.0
0.0
0.0
0.0
0.0
0.0
0.0
0.0
0.0
0.0
0.0
0.0
0.0
0.0
0.0
0.0
0.0
0.0
0.0
0.0
