0.0
0.0
0.0
0.0
0.0
0.0
0.0
0.0
0.0
0.0
0.0
0.0
0.0
0.0
0.0
0.0
0.0
0.0
0.0
0.0
0.0
0.0
0.0
0.0
0.0
0.0
0.0
0.0
0.0
0.0
0.0
0.0
0.0
0.0
0.0
0.0
0.0
0.0
0.0
0.0
0.0
0.0
0.0
0.0
0.0
0.0
0.0
0.0
0.0
0.0
0.0
0.0
0.0
0.0
0.0
0.0
0.0
0.0
0.0
0.0
0.0
0.0
0.0
0.0
0.0
0.0
0.0
0.0
0.0
0.0
0.0
0.0
0.0
0.0
0.0
0.0
0.0
0.0
0.0
0.0
0.0
0.0
0.0
0.0
0.0
0.0
0.0
0.0
0.0
0.0
0.0
0.0
0.0
0.0
0.0
0.0
0.0
0.0
0.0
0.0
0.0
0.0
0.0
0.0
0.0
0.0
0.0
0.0
0.0
0.0
0.0
0.0
0.0
0.0
0.0
1.0
0.0
0.0
0.0
0.0
0.0
0.0
0.0
0.0
0.0
0.0
1.0
0.0
0.0
0.0
0.0
0.0
0.0
0.0
1.0
0.0
0.0
0.0
0.0
0.0
0.0
0.0
1.0
0.0
0.0
1.0
2.0
0.0
0.0
0.0
0.0
0.0
0.0
0.0
1.0
0.0
1.0
0.0
0.0
1.0
1.0
1.0
0.0
1.0
0.0
1.0
2.0
1.0
3.0
1.0
1.0
2.0
0.0
3.0
2.0
0.0
0.0
1.0
0.0
0.0
2.0
2.0
3.0
2.0
4.0
3.0
4.0
6.0
3.0
4.0
7.0
10.0
3.0
5.0
11.0
8.0
10.0
7.0
8.0
10.0
14.0
19.0
10.0
16.0
17.0
22.0
21.0
26.0
24.0
19.0
37.0
53.0
37.0
36.0
39.0
40.0
66.0
62.0
56.0
64.0
70.0
73.0
120.0
111.0
112.0
127.0
135.0
142.0
176.0
195.0
199.0
245.0
218.0
229.0
271.0
286.0
326.0
352.0
370.0
411.0
491.0
510.0
622.0
660.0
739.0
922.0
1124.0
1385.0
1896.0
2495.0
3459.0
4525.0
5798.0
7180.0
8167.0
8452.0
8028.0
7251.0
5832.0
4525.0
3396.0
2599.0
1806.0
1427.0
1047.0
896.0
782.0
642.0
564.0
531.0
500.0
446.0
377.0
387.0
335.0
300.0
271.0
238.0
244.0
197.0
227.0
180.0
153.0
139.0
133.0
121.0
92.0
108.0
79.0
77.0
75.0
76.0
59.0
65.0
61.0
50.0
40.0
56.0
38.0
43.0
27.0
34.0
24.0
26.0
29.0
22.0
14.0
24.0
11.0
16.0
14.0
17.0
13.0
11.0
10.0
10.0
5.0
3.0
10.0
3.0
8.0
3.0
5.0
2.0
4.0
1.0
4.0
2.0
6.0
3.0
3.0
2.0
1.0
0.0
1.0
2.0
1.0
0.0
4.0
1.0
0.0
2.0
2.0
0.0
1.0
2.0
0.0
0.0
1.0
1.0
2.0
1.0
1.0
1.0
1.0
0.0
0.0
0.0
1.0
0.0
0.0
1.0
1.0
0.0
0.0
0.0
0.0
1.0
1.0
0.0
0.0
0.0
0.0
0.0
0.0
0.0
0.0
0.0
0.0
2.0
0.0
0.0
0.0
0.0
0.0
0.0
0.0
0.0
0.0
0.0
0.0
0.0
0.0
0.0
0.0
0.0
0.0
0.0
0.0
0.0
0.0
0.0
0.0
0.0
0.0
0.0
0.0
0.0
0.0
0.0
0.0
0.0
0.0
0.0
0.0
0.0
0.0
0.0
0.0
0.0
0.0
0.0
0.0
0.0
0.0
0.0
0.0
0.0
0.0
0.0
0.0
0.0
0.0
0.0
0.0
0.0
0.0
0.0
0.0
0.0
0.0
0.0
0.0
0.0
0.0
0.0
0.0
0.0
0.0
0.0
0.0
0.0
0.0
0.0
0.0
0.0
0.0
0.0
0.0
0.0
0.0
0.0
0.0
0.0
0.0
0.0
0.0
0.0
0.0
0.0
0.0
0.0
0.0
0.0
0.0
0.0
0.0
0.0
0.0
0.0
0.0
0.0
0.0
0.0
0.0
0.0
0.0
0.0
0.0
0.0
0.0
0.0
0.0
0.0
0.0
0.0
0.0
0.0
0.0
0.0
0.0
0.0
0.0
0.0
0.0
0.0
0.0
0.0
0.0
0.0
0.0
