0.0
0.0
0.0
0.0
0.0
0.0
0.0
1.0
0.0
0.0
0.0
0.0
0.0
0.0
0.0
0.0
0.0
0.0
0.0
0.0
0.0
0.0
0.0
0.0
0.0
0.0
0.0
0.0
0.0
1.0
0.0
1.0
0.0
0.0
0.0
0.0
0.0
0.0
0.0
0.0
0.0
1.0
0.0
1.0
0.0
0.0
0.0
0.0
0.0
1.0
0.0
1.0
0.0
0.0
0.0
0.0
0.0
0.0
0.0
0.0
0.0
2.0
0.0
0.0
0.0
2.0
0.0
0.0
0.0
1.0
0.0
0.0
0.0
0.0
0.0
1.0
0.0
2.0
0.0
0.0
0.0
0.0
0.0
1.0
0.0
0.0
0.0
1.0
0.0
5.0
0.0
1.0
0.0
1.0
0.0
3.0
0.0
1.0
0.0
0.0
0.0
1.0
0.0
2.0
0.0
3.0
0.0
3.0
0.0
5.0
0.0
2.0
0.0
4.0
0.0
1.0
0.0
4.0
0.0
3.0
0.0
4.0
0.0
1.0
0.0
6.0
0.0
2.0
142.0
8.0
14.0
3.0
14.0
5.0
8.0
9.0
10.0
7.0
8.0
8.0
4.0
12.0
7.0
15.0
7.0
15.0
3.0
18.0
4.0
12.0
3.0
22.0
2.0
11.0
3.0
17.0
0.0
25.0
1.0
25.0
0.0
22.0
2.0
30.0
3.0
24.0
3.0
40.0
0.0
32.0
0.0
51.0
0.0
36.0
2.0
48.0
1.0
52.0
1.0
56.0
0.0
52.0
1.0
70.0
0.0
73.0
1.0
63.0
1.0
69.0
0.0
94.0
0.0
81.0
0.0
109.0
1.0
118.0
0.0
113.0
0.0
121.0
1.0
167.0
1.0
192.0
2.0
176.0
0.0
203.0
0.0
203.0
1.0
236.0
0.0
258.0
0.0
283.0
0.0
306.0
0.0
313.0
0.0
375.0
0.0
409.0
0.0
451.0
0.0
463.0
0.0
519.0
0.0
643.0
0.0
721.0
2.0
820.0
0.0
1126.0
1.0
1437.0
0.0
1984.0
1.0
2613.0
0.0
3474.0
0.0
4483.0
0.0
5645.0
0.0
6410.0
0.0
27021.0
0.0
6297.0
0.0
5694.0
0.0
4507.0
1.0
3405.0
0.0
2636.0
0.0
1952.0
0.0
1453.0
0.0
1130.0
0.0
850.0
0.0
746.0
0.0
617.0
0.0
539.0
0.0
447.0
0.0
458.0
0.0
434.0
0.0
381.0
0.0
324.0
0.0
314.0
0.0
277.0
0.0
256.0
0.0
228.0
0.0
214.0
0.0
213.0
0.0
160.0
0.0
183.0
0.0
157.0
0.0
139.0
0.0
124.0
0.0
106.0
0.0
98.0
0.0
76.0
0.0
92.0
0.0
65.0
0.0
64.0
0.0
69.0
0.0
64.0
0.0
52.0
0.0
59.0
0.0
48.0
0.0
42.0
0.0
37.0
0.0
46.0
0.0
37.0
0.0
37.0
0.0
26.0
0.0
29.0
0.0
24.0
0.0
20.0
0.0
26.0
0.0
19.0
0.0
12.0
0.0
21.0
0.0
13.0
0.0
11.0
0.0
13.0
0.0
16.0
0.0
13.0
0.0
9.0
0.0
9.0
0.0
8.0
0.0
5.0
0.0
3.0
0.0
9.0
0.0
3.0
0.0
6.0
0.0
4.0
0.0
4.0
0.0
1.0
0.0
4.0
0.0
2.0
0.0
4.0
0.0
1.0
0.0
3.0
0.0
3.0
0.0
3.0
0.0
2.0
0.0
1.0
0.0
0.0
0.0
1.0
0.0
1.0
0.0
1.0
0.0
0.0
0.0
4.0
0.0
1.0
0.0
0.0
0.0
2.0
0.0
2.0
0.0
0.0
0.0
1.0
0.0
3.0
0.0
0.0
0.0
0.0
0.0
1.0
0.0
0.0
0.0
2.0
0.0
0.0
0.0
0.0
0.0
1.0
0.0
1.0
0.0
0.0
0.0
0.0
0.0
0.0
0.0
1.0
0.0
0.0
0.0
0.0
0.0
1.0
0.0
1.0
0.0
0.0
0.0
0.0
0.0
0.0
0.0
0.0
0.0
1.0
0.0
1.0
0.0
0.0
0.0
0.0
0.0
0.0
0.0
0.0
0.0
0.0
0.0
0.0
0.0
0.0
0.0
0.0
0.0
0.0
0.0
0.0
0.0
2.0
0.0
0.0
0.0
0.0
0.0
0.0
0.0
