53413.0
0.0
8028.0
0.0
7251.0
0.0
5832.0
0.0
4525.0
0.0
3396.0
0.0
2599.0
0.0
1806.0
0.0
1427.0
0.0
1047.0
0.0
896.0
0.0
782.0
0.0
642.0
0.0
564.0
0.0
531.0
0.0
500.0
0.0
446.0
0.0
377.0
0.0
387.0
0.0
335.0
0.0
300.0
0.0
271.0
0.0
238.0
0.0
244.0
0.0
197.0
0.0
227.0
0.0
180.0
0.0
153.0
0.0
139.0
0.0
133.0
0.0
121.0
0.0
92.0
0.0
108.0
0.0
79.0
0.0
77.0
0.0
75.0
0.0
76.0
0.0
59.0
0.0
65.0
0.0
61.0
0.0
50.0
0.0
40.0
0.0
56.0
0.0
38.0
0.0
43.0
0.0
27.0
0.0
34.0
0.0
24.0
0.0
26.0
0.0
29.0
0.0
22.0
0.0
14.0
0.0
24.0
0.0
11.0
0.0
16.0
0.0
14.0
0.0
17.0
0.0
13.0
0.0
11.0
0.0
10.0
0.0
10.0
0.0
5.0
0.0
3.0
0.0
10.0
0.0
3.0
0.0
8.0
0.0
3.0
0.0
5.0
0.0
2.0
0.0
4.0
0.0
1.0
0.0
4.0
0.0
2.0
0.0
6.0
0.0
3.0
0.0
3.0
0.0
2.0
0.0
1.0
0.0
0.0
0.0
1.0
0.0
2.0
0.0
1.0
0.0
0.0
0.0
4.0
0.0
1.0
0.0
0.0
0.0
2.0
0.0
2.0
0.0
0.0
0.0
1.0
0.0
2.0
0.0
0.0
0.0
0.0
0.0
1.0
0.0
1.0
0.0
2.0
0.0
1.0
0.0
1.0
0.0
1.0
0.0
1.0
0.0
0.0
0.0
0.0
0.0
0.0
0.0
1.0
0.0
0.0
0.0
0.0
0.0
1.0
0.0
1.0
0.0
0.0
0.0
0.0
0.0
0.0
0.0
0.0
0.0
1.0
0.0
1.0
0.0
0.0
0.0
0.0
0.0
0.0
0.0
0.0
0.0
0.0
0.0
0.0
0.0
0.0
0.0
0.0
0.0
0.0
0.0
0.0
0.0
2.0
0.0
0.0
0.0
0.0
0.0
0.0
0.0
